1413393213505760512
1413393213555760384
1413393213605760512
1413393213705760512
1413393213755760384
1413393213905760512
1413393213955760384
1413393214005760512
1413393214055760384
1413393214105760512
1413393214205760512
1413393214255760384
1413393214405760512
1413393214455760384
1413393214505760512
1413393214555760384
1413393214605760512
1413393214705760512
1413393214755760384
1413393214905760512
1413393214955760384
1413393215005760512
1413393215055760384
1413393215105760512
1413393215205760512
1413393215255760384
1413393215405760512
1413393215455760384
1413393215505760512
1413393215555760384
1413393215605760512
1413393215705760512
1413393215755760384
1413393215905760512
1413393215955760384
1413393216005760512
1413393216055760384
1413393216105760512
1413393216205760512
1413393216255760384
1413393216405760512
1413393216455760384
1413393216505760512
1413393216555760384
1413393216605760512
1413393216705760512
1413393216755760384
1413393216905760512
1413393216955760384
1413393217005760512
1413393217055760384
1413393217105760512
1413393217205760512
1413393217255760384
1413393217405760512
1413393217455760384
1413393217505760512
1413393217555760384
1413393217605760512
1413393217705760512
1413393217755760384
1413393217905760512
1413393217955760384
1413393218005760512
1413393218055760384
1413393218105760512
1413393218205760512
1413393218255760384
1413393218405760512
1413393218455760384
1413393218505760512
1413393218555760384
1413393218605760512
1413393218705760512
1413393218755760384
1413393218905760512
1413393218955760384
1413393219005760512
1413393219055760384
1413393219105760512
1413393219205760512
1413393219255760384
1413393219405760512
1413393219455760384
1413393219505760512
1413393219555760384
1413393219605760512
1413393219705760512
1413393219755760384
1413393219905760512
1413393219955760384
1413393220005760512
1413393220055760384
1413393220105760512
1413393220205760512
1413393220255760384
1413393220405760512
1413393220455760384
1413393220505760512
1413393220555760384
1413393220605760512
1413393220705760512
1413393220755760384
1413393220905760512
1413393220955760384
1413393221005760512
1413393221055760384
1413393221105760512
1413393221205760512
1413393221255760384
1413393221405760512
1413393221455760384
1413393221505760512
1413393221555760384
1413393221605760512
1413393221705760512
1413393221755760384
1413393221905760512
1413393221955760384
1413393222005760512
1413393222055760384
1413393222105760512
1413393222205760512
1413393222255760384
1413393222405760512
1413393222455760384
1413393222505760512
1413393222555760384
1413393222605760512
1413393222705760512
1413393222755760384
1413393222905760512
1413393222955760384
1413393223005760512
1413393223055760384
1413393223105760512
1413393223205760512
1413393223255760384
1413393223405760512
1413393223455760384
1413393223505760512
1413393223555760384
1413393223605760512
1413393223705760512
1413393223755760384
1413393223905760512
1413393223955760384
1413393224005760512
1413393224055760384
1413393224105760512
1413393224205760512
1413393224255760384
1413393224405760512
1413393224455760384
1413393224505760512
1413393224555760384
1413393224605760512
1413393224705760512
1413393224755760384
1413393224905760512
1413393224955760384
1413393225005760512
1413393225055760384
1413393225105760512
1413393225205760512
1413393225255760384
1413393225405760512
1413393225455760384
1413393225505760512
1413393225555760384
1413393225605760512
1413393225705760512
1413393225755760384
1413393225905760512
1413393225955760384
1413393226005760512
1413393226055760384
1413393226105760512
1413393226205760512
1413393226255760384
1413393226405760512
1413393226455760384
1413393226505760512
1413393226555760384
1413393226605760512
1413393226705760512
1413393226755760384
1413393226905760512
1413393226955760384
1413393227005760512
1413393227055760384
1413393227105760512
1413393227205760512
1413393227255760384
1413393227405760512
1413393227455760384
1413393227505760512
1413393227555760384
1413393227605760512
1413393227705760512
1413393227755760384
1413393227905760512
1413393227955760384
1413393228005760512
1413393228055760384
1413393228105760512
1413393228205760512
1413393228255760384
1413393228405760512
1413393228455760384
1413393228505760512
1413393228555760384
1413393228605760512
1413393228705760512
1413393228755760384
1413393228905760512
1413393228955760384
1413393229005760512
1413393229055760384
1413393229105760512
1413393229205760512
1413393229255760384
1413393229405760512
1413393229455760384
1413393229505760512
1413393229555760384
1413393229605760512
1413393229705760512
1413393229755760384
1413393229905760512
1413393229955760384
1413393230005760512
1413393230055760384
1413393230105760512
1413393230205760512
1413393230255760384
1413393230405760512
1413393230455760384
1413393230505760512
1413393230555760384
1413393230605760512
1413393230705760512
1413393230755760384
1413393230905760512
1413393230955760384
1413393231005760512
1413393231055760384
1413393231105760512
1413393231205760512
1413393231255760384
1413393231405760512
1413393231455760384
1413393231505760512
1413393231555760384
1413393231605760512
1413393231705760512
1413393231755760384
1413393231905760512
1413393231955760384
1413393232005760512
1413393232055760384
1413393232105760512
1413393232205760512
1413393232255760384
1413393232405760512
1413393232455760384
1413393232505760512
1413393232555760384
1413393232605760512
1413393232705760512
1413393232755760384
1413393232905760512
1413393232955760384
1413393233005760512
1413393233055760384
1413393233105760512
1413393233205760512
1413393233255760384
1413393233405760512
1413393233455760384
1413393233505760512
1413393233555760384
1413393233605760512
1413393233705760512
1413393233755760384
1413393233905760512
1413393233955760384
1413393234005760512
1413393234055760384
1413393234105760512
1413393234205760512
1413393234255760384
1413393234405760512
1413393234455760384
1413393234505760512
1413393234555760384
1413393234605760512
1413393234705760512
1413393234755760384
1413393234905760512
1413393234955760384
1413393235005760512
1413393235055760384
1413393235105760512
1413393235205760512
1413393235255760384
1413393235405760512
1413393235455760384
1413393235505760512
1413393235555760384
1413393235605760512
1413393235705760512
1413393235755760384
1413393235905760512
1413393235955760384
1413393236005760512
1413393236055760384
1413393236105760512
1413393236205760512
1413393236255760384
1413393236405760512
1413393236455760384
1413393236505760512
1413393236555760384
1413393236605760512
1413393236705760512
1413393236755760384
1413393236905760512
1413393236955760384
1413393237005760512
1413393237055760384
1413393237105760512
1413393237205760512
1413393237255760384
1413393237405760512
1413393237455760384
1413393237505760512
1413393237555760384
1413393237605760512
1413393237705760512
1413393237755760384
1413393237905760512
1413393237955760384
1413393238005760512
1413393238055760384
1413393238105760512
1413393238205760512
1413393238255760384
1413393238405760512
1413393238455760384
1413393238505760512
1413393238555760384
1413393238605760512
1413393238705760512
1413393238755760384
1413393238905760512
1413393238955760384
1413393239005760512
1413393239055760384
1413393239105760512
1413393239205760512
1413393239255760384
1413393239405760512
1413393239455760384
1413393239505760512
1413393239555760384
1413393239605760512
1413393239705760512
1413393239755760384
1413393239905760512
1413393239955760384
1413393240005760512
1413393240055760384
1413393240105760512
1413393240205760512
1413393240255760384
1413393240405760512
1413393240455760384
1413393240505760512
1413393240555760384
1413393240605760512
1413393240705760512
1413393240755760384
1413393240905760512
1413393240955760384
1413393241005760512
1413393241055760384
1413393241105760512
1413393241205760512
1413393241255760384
1413393241405760512
1413393241455760384
1413393241505760512
1413393241555760384
1413393241605760512
1413393241705760512
1413393241755760384
1413393241905760512
1413393241955760384
1413393242005760512
1413393242055760384
1413393242105760512
1413393242205760512
1413393242255760384
1413393242405760512
1413393242455760384
1413393242505760512
1413393242555760384
1413393242605760512
1413393242705760512
1413393242755760384
1413393242905760512
1413393242955760384
1413393243005760512
1413393243055760384
1413393243105760512
1413393243205760512
1413393243255760384
1413393243405760512
1413393243455760384
1413393243505760512
1413393243555760384
1413393243605760512
1413393243705760512
1413393243755760384
1413393243905760512
1413393243955760384
1413393244005760512
1413393244055760384
1413393244105760512
1413393244205760512
1413393244255760384
1413393244405760512
1413393244455760384
1413393244505760512
1413393244555760384
1413393244605760512
1413393244705760512
1413393244755760384
1413393244905760512
1413393244955760384
1413393245005760512
1413393245055760384
1413393245105760512
1413393245205760512
1413393245255760384
1413393245405760512
1413393245455760384
1413393245505760512
1413393245555760384
1413393245605760512
1413393245705760512
1413393245755760384
1413393245905760512
1413393245955760384
1413393246005760512
1413393246055760384
1413393246105760512
1413393246205760512
1413393246255760384
1413393246405760512
1413393246455760384
1413393246505760512
1413393246555760384
1413393246605760512
1413393246705760512
1413393246755760384
1413393246905760512
1413393246955760384
1413393247005760512
1413393247055760384
1413393247105760512
1413393247205760512
1413393247255760384
1413393247405760512
1413393247455760384
1413393247505760512
1413393247555760384
1413393247605760512
1413393247705760512
1413393247755760384
1413393247905760512
1413393247955760384
1413393248005760512
1413393248055760384
1413393248105760512
1413393248205760512
1413393248255760384
1413393248405760512
1413393248455760384
1413393248505760512
1413393248555760384
1413393248605760512
1413393248705760512
1413393248755760384
1413393248905760512
1413393248955760384
1413393249005760512
1413393249055760384
1413393249105760512
1413393249205760512
1413393249255760384
1413393249405760512
1413393249455760384
1413393249505760512
1413393249555760384
1413393249605760512
1413393249705760512
1413393249755760384
1413393249905760512
1413393249955760384
1413393250005760512
1413393250055760384
1413393250105760512
1413393250205760512
1413393250255760384
1413393250405760512
1413393250455760384
1413393250505760512
1413393250555760384
1413393250605760512
1413393250705760512
1413393250755760384
1413393250905760512
1413393250955760384
1413393251005760512
1413393251055760384
1413393251105760512
1413393251205760512
1413393251255760384
1413393251405760512
1413393251455760384
1413393251505760512
1413393251555760384
1413393251605760512
1413393251705760512
1413393251755760384
1413393251905760512
1413393251955760384
1413393252005760512
1413393252055760384
1413393252105760512
1413393252205760512
1413393252255760384
1413393252405760512
1413393252455760384
1413393252505760512
1413393252555760384
1413393252605760512
1413393252705760512
1413393252755760384
1413393252905760512
1413393252955760384
1413393253005760512
1413393253055760384
1413393253105760512
1413393253205760512
1413393253255760384
1413393253405760512
1413393253455760384
1413393253505760512
1413393253555760384
1413393253605760512
1413393253705760512
1413393253755760384
1413393253905760512
1413393253955760384
1413393254005760512
1413393254055760384
1413393254105760512
1413393254205760512
1413393254255760384
1413393254405760512
1413393254455760384
1413393254505760512
1413393254555760384
1413393254605760512
1413393254705760512
1413393254755760384
1413393254905760512
1413393254955760384
1413393255005760512
1413393255055760384
1413393255105760512
1413393255205760512
1413393255255760384
1413393255405760512
1413393255455760384
1413393255505760512
1413393255555760384
1413393255605760512
1413393255705760512
1413393255755760384
1413393255905760512
1413393255955760384
1413393256005760512
1413393256055760384
1413393256105760512
1413393256205760512
1413393256255760384
1413393256405760512
1413393256455760384
1413393256505760512
1413393256555760384
1413393256605760512
1413393256705760512
1413393256755760384
1413393256905760512
1413393256955760384
1413393257005760512
1413393257055760384
1413393257105760512
1413393257205760512
1413393257255760384
1413393257405760512
1413393257455760384
1413393257505760512
1413393257555760384
1413393257605760512
1413393257705760512
1413393257755760384
1413393257905760512
1413393257955760384
1413393258005760512
1413393258055760384
1413393258105760512
1413393258205760512
1413393258255760384
1413393258405760512
1413393258455760384
1413393258505760512
1413393258555760384
1413393258605760512
1413393258705760512
1413393258755760384
1413393258905760512
1413393258955760384
1413393259005760512
1413393259055760384
1413393259105760512
1413393259205760512
1413393259255760384
1413393259405760512
1413393259455760384
1413393259505760512
1413393259555760384
1413393259605760512
1413393259705760512
1413393259755760384
1413393259905760512
1413393259955760384
1413393260005760512
1413393260055760384
1413393260105760512
1413393260205760512
1413393260255760384
1413393260405760512
1413393260455760384
1413393260505760512
1413393260555760384
1413393260605760512
1413393260705760512
1413393260755760384
1413393260905760512
1413393260955760384
1413393261005760512
1413393261055760384
1413393261105760512
1413393261205760512
1413393261255760384
1413393261405760512
1413393261455760384
1413393261505760512
1413393261555760384
1413393261605760512
1413393261705760512
1413393261755760384
1413393261905760512
1413393261955760384
1413393262005760512
1413393262055760384
1413393262105760512
1413393262205760512
1413393262255760384
1413393262405760512
1413393262455760384
1413393262505760512
1413393262555760384
1413393262605760512
1413393262705760512
1413393262755760384
1413393262905760512
1413393262955760384
1413393263005760512
1413393263055760384
1413393263105760512
1413393263205760512
1413393263255760384
1413393263405760512
1413393263455760384
1413393263505760512
1413393263555760384
1413393263605760512
1413393263705760512
1413393263755760384
1413393263905760512
1413393263955760384
1413393264005760512
1413393264055760384
1413393264105760512
1413393264205760512
1413393264255760384
1413393264405760512
1413393264455760384
1413393264505760512
1413393264555760384
1413393264605760512
1413393264705760512
1413393264755760384
1413393264905760512
1413393264955760384
1413393265005760512
1413393265055760384
1413393265105760512
1413393265205760512
1413393265255760384
1413393265405760512
1413393265455760384
1413393265505760512
1413393265555760384
1413393265605760512
1413393265705760512
1413393265755760384
1413393265905760512
1413393265955760384
1413393266005760512
1413393266055760384
1413393266105760512
1413393266205760512
1413393266255760384
1413393266405760512
1413393266455760384
1413393266505760512
1413393266555760384
1413393266605760512
1413393266705760512
1413393266755760384
1413393266905760512
1413393266955760384
1413393267005760512
1413393267055760384
1413393267105760512
1413393267205760512
1413393267255760384
1413393267405760512
1413393267455760384
1413393267505760512
1413393267555760384
1413393267605760512
1413393267705760512
1413393267755760384
1413393267905760512
1413393267955760384
1413393268005760512
1413393268055760384
1413393268105760512
1413393268205760512
1413393268255760384
1413393268405760512
1413393268455760384
1413393268505760512
1413393268555760384
1413393268605760512
1413393268705760512
1413393268755760384
1413393268905760512
1413393268955760384
1413393269005760512
1413393269055760384
1413393269105760512
1413393269205760512
1413393269255760384
1413393269405760512
1413393269455760384
1413393269505760512
1413393269555760384
1413393269605760512
1413393269705760512
1413393269755760384
1413393269905760512
1413393269955760384
1413393270005760512
1413393270055760384
1413393270105760512
1413393270205760512
1413393270255760384
1413393270405760512
1413393270455760384
1413393270505760512
1413393270555760384
1413393270605760512
1413393270705760512
1413393270755760384
1413393270905760512
1413393270955760384
1413393271005760512
1413393271055760384
1413393271105760512
1413393271205760512
1413393271255760384
1413393271405760512
1413393271455760384
1413393271505760512
1413393271555760384
1413393271605760512
1413393271705760512
1413393271755760384
1413393271905760512
1413393271955760384
1413393272005760512
1413393272055760384
1413393272105760512
1413393272205760512
1413393272255760384
1413393272405760512
1413393272455760384
1413393272505760512
1413393272555760384
1413393272605760512
1413393272705760512
1413393272755760384
1413393272905760512
1413393272955760384
1413393273005760512
1413393273055760384
1413393273105760512
1413393273205760512
1413393273255760384
1413393273405760512
1413393273455760384
1413393273505760512
1413393273555760384
1413393273605760512
1413393273705760512
1413393273755760384
1413393273905760512
1413393273955760384
1413393274005760512
1413393274055760384
1413393274105760512
1413393274205760512
1413393274255760384
1413393274405760512
1413393274455760384
1413393274505760512
1413393274555760384
1413393274605760512
1413393274705760512
1413393274755760384
1413393274905760512
1413393274955760384
1413393275005760512
1413393275055760384
1413393275105760512
1413393275205760512
1413393275255760384
1413393275405760512
1413393275455760384
1413393275505760512
1413393275555760384
1413393275605760512
1413393275705760512
1413393275755760384
1413393275905760512
1413393275955760384
1413393276005760512
1413393276055760384
1413393276105760512
1413393276205760512
1413393276255760384
1413393276405760512
1413393276455760384
1413393276505760512
1413393276555760384
1413393276605760512
1413393276705760512
1413393276755760384
1413393276905760512
1413393276955760384
1413393277005760512
1413393277055760384
1413393277105760512
1413393277205760512
1413393277255760384
1413393277405760512
1413393277455760384
1413393277505760512
1413393277555760384
1413393277605760512
1413393277705760512
1413393277755760384
1413393277905760512
1413393277955760384
1413393278005760512
1413393278055760384
1413393278105760512
1413393278205760512
1413393278255760384
1413393278405760512
1413393278455760384
1413393278505760512
1413393278555760384
1413393278605760512
1413393278705760512
1413393278755760384
1413393278905760512
1413393278955760384
1413393279005760512
1413393279055760384
1413393279105760512
1413393279205760512
1413393279255760384
1413393279405760512
1413393279455760384
1413393279505760512
1413393279555760384
1413393279605760512
1413393279705760512
1413393279755760384
1413393279905760512
1413393279955760384
1413393280005760512
1413393280055760384
1413393280105760512
1413393280205760512
1413393280255760384
1413393280405760512
1413393280455760384
1413393280505760512
1413393280555760384
1413393280605760512
1413393280705760512
1413393280755760384
1413393280905760512
1413393280955760384
1413393281005760512
1413393281055760384
1413393281105760512
1413393281205760512
1413393281255760384
1413393281405760512
1413393281455760384
1413393281505760512
1413393281555760384
1413393281605760512
1413393281705760512
1413393281755760384
1413393281905760512
1413393281955760384
1413393282005760512
1413393282055760384
1413393282105760512
1413393282205760512
1413393282255760384
1413393282405760512
1413393282455760384
1413393282505760512
1413393282555760384
1413393282605760512
1413393282705760512
1413393282755760384
1413393282905760512
1413393282955760384
1413393283005760512
1413393283055760384
1413393283105760512
1413393283205760512
1413393283255760384
1413393283405760512
1413393283455760384
1413393283505760512
1413393283555760384
1413393283605760512
1413393283705760512
1413393283755760384
1413393283905760512
1413393283955760384
1413393284005760512
1413393284055760384
1413393284105760512
1413393284205760512
1413393284255760384
1413393284405760512
1413393284455760384
1413393284505760512
1413393284555760384
1413393284605760512
1413393284705760512
1413393284755760384
1413393284905760512
1413393284955760384
1413393285005760512
1413393285055760384
1413393285105760512
1413393285205760512
1413393285255760384
1413393285405760512
1413393285455760384
1413393285505760512
1413393285555760384
1413393285605760512
1413393285705760512
1413393285755760384
1413393285905760512
1413393285955760384
1413393286005760512
1413393286055760384
1413393286105760512
1413393286205760512
1413393286255760384
1413393286405760512
1413393286455760384
1413393286505760512
1413393286555760384
1413393286605760512
1413393286705760512
1413393286755760384
1413393286905760512
1413393286955760384
1413393287005760512
1413393287055760384
1413393287105760512
1413393287205760512
1413393287255760384
1413393287405760512
1413393287455760384
1413393287505760512
1413393287555760384
1413393287605760512
1413393287705760512
1413393287755760384
1413393287905760512
1413393287955760384
1413393288005760512
1413393288055760384
1413393288105760512
1413393288205760512
1413393288255760384
1413393288405760512
1413393288455760384
1413393288505760512
1413393288555760384
1413393288605760512
1413393288705760512
1413393288755760384
1413393288905760512
1413393288955760384
1413393289005760512
1413393289055760384
1413393289105760512
1413393289205760512
1413393289255760384
1413393289405760512
1413393289455760384
1413393289505760512
1413393289555760384
1413393289605760512
1413393289705760512
1413393289755760384
1413393289905760512
1413393289955760384
1413393290005760512
1413393290055760384
1413393290105760512
1413393290205760512
1413393290255760384
1413393290405760512
1413393290455760384
1413393290505760512
1413393290555760384
1413393290605760512
1413393290705760512
1413393290755760384
1413393290905760512
1413393290955760384
1413393291005760512
1413393291055760384
1413393291105760512
1413393291205760512
1413393291255760384
1413393291405760512
1413393291455760384
1413393291505760512
1413393291555760384
1413393291605760512
1413393291705760512
1413393291755760384
1413393291905760512
1413393291955760384
1413393292005760512
1413393292055760384
1413393292105760512
1413393292205760512
1413393292255760384
1413393292405760512
1413393292455760384
1413393292505760512
1413393292555760384
1413393292605760512
1413393292705760512
1413393292755760384
1413393292905760512
1413393292955760384
1413393293005760512
1413393293055760384
1413393293105760512
1413393293205760512
1413393293255760384
1413393293405760512
1413393293455760384
1413393293505760512
1413393293555760384
1413393293605760512
1413393293705760512
1413393293755760384
1413393293905760512
1413393293955760384
1413393294005760512
1413393294055760384
1413393294105760512
1413393294205760512
1413393294255760384
1413393294405760512
1413393294455760384
1413393294505760512
1413393294555760384
1413393294605760512
1413393294705760512
1413393294755760384
1413393294905760512
1413393294955760384
1413393295005760512
1413393295055760384
1413393295105760512
1413393295205760512
1413393295255760384
1413393295405760512
1413393295455760384
1413393295505760512
1413393295555760384
1413393295605760512
1413393295705760512
1413393295755760384
1413393295905760512
1413393295955760384
1413393296005760512
1413393296055760384
1413393296105760512
1413393296205760512
1413393296255760384
1413393296405760512
1413393296455760384
1413393296505760512
1413393296555760384
1413393296605760512
1413393296705760512
1413393296755760384
1413393296905760512
1413393296955760384
1413393297005760512
1413393297055760384
1413393297105760512
1413393297205760512
1413393297255760384
1413393297405760512
1413393297455760384
1413393297505760512
1413393297555760384
1413393297605760512
1413393297705760512
1413393297755760384
1413393297905760512
1413393297955760384
1413393298005760512
1413393298055760384
1413393298105760512
1413393298205760512
1413393298255760384
1413393298405760512
1413393298455760384
1413393298505760512
1413393298555760384
1413393298605760512
1413393298705760512
1413393298755760384
1413393298905760512
1413393298955760384
1413393299005760512
1413393299055760384
1413393299105760512
1413393299205760512
1413393299255760384
1413393299405760512
1413393299455760384
1413393299505760512
1413393299555760384
1413393299605760512
1413393299705760512
1413393299755760384
1413393299905760512
1413393299955760384
1413393300005760512
1413393300055760384
1413393300105760512
1413393300205760512
1413393300255760384
1413393300405760512
1413393300455760384
1413393300505760512
1413393300555760384
1413393300605760512
1413393300705760512
1413393300755760384
1413393300905760512
1413393300955760384
1413393301005760512
1413393301055760384
1413393301105760512
1413393301205760512
1413393301255760384
1413393301405760512
1413393301455760384
1413393301505760512
1413393301555760384
1413393301605760512
1413393301705760512
1413393301755760384
1413393301905760512
1413393301955760384
1413393302005760512
1413393302055760384
1413393302105760512
1413393302205760512
1413393302255760384
1413393302405760512
1413393302455760384
1413393302505760512
1413393302555760384
1413393302605760512
1413393302705760512
1413393302755760384
1413393302905760512
1413393302955760384
1413393303005760512
1413393303055760384
1413393303105760512
1413393303205760512
1413393303255760384
1413393303405760512
1413393303455760384
1413393303505760512
1413393303555760384
1413393303605760512
1413393303705760512
1413393303755760384
1413393303905760512
1413393303955760384
1413393304005760512
1413393304055760384
1413393304105760512
1413393304205760512
1413393304255760384
1413393304405760512
1413393304455760384
1413393304505760512
1413393304555760384
1413393304605760512
1413393304705760512
1413393304755760384
1413393304905760512
1413393304955760384
1413393305005760512
1413393305055760384
1413393305105760512
1413393305205760512
1413393305255760384
1413393305405760512
1413393305455760384
1413393305505760512
1413393305555760384
1413393305605760512
1413393305705760512
1413393305755760384
1413393305905760512
1413393305955760384
1413393306005760512
1413393306055760384
1413393306105760512
1413393306205760512
1413393306255760384
1413393306405760512
1413393306455760384
1413393306505760512
1413393306555760384
1413393306605760512
1413393306705760512
1413393306755760384
1413393306905760512
1413393306955760384
1413393307005760512
1413393307055760384
1413393307105760512
1413393307205760512
1413393307255760384
1413393307405760512
1413393307455760384
1413393307505760512
1413393307555760384
1413393307605760512
1413393307705760512
1413393307755760384
1413393307905760512
1413393307955760384
1413393308005760512
1413393308055760384
1413393308105760512
1413393308205760512
1413393308255760384
1413393308405760512
1413393308455760384
1413393308505760512
1413393308555760384
1413393308605760512
1413393308705760512
1413393308755760384
1413393308905760512
1413393308955760384
1413393309005760512
1413393309055760384
1413393309105760512
1413393309205760512
1413393309255760384
1413393309405760512
1413393309455760384
1413393309505760512
1413393309555760384
1413393309605760512
1413393309705760512
1413393309755760384
1413393309905760512
1413393309955760384
1413393310005760512
1413393310055760384
1413393310105760512
1413393310205760512
1413393310255760384
1413393310405760512
1413393310455760384
1413393310505760512
1413393310555760384
1413393310605760512
1413393310705760512
1413393310755760384
1413393310905760512
1413393310955760384
1413393311005760512
1413393311055760384
1413393311105760512
1413393311205760512
1413393311255760384
1413393311405760512
1413393311455760384
1413393311505760512
1413393311555760384
1413393311605760512
1413393311705760512
1413393311755760384
1413393311905760512
1413393311955760384
1413393312005760512
1413393312055760384
1413393312105760512
1413393312205760512
1413393312255760384
1413393312405760512
1413393312455760384
1413393312505760512
1413393312555760384
1413393312605760512
1413393312705760512
1413393312755760384
1413393312905760512
1413393312955760384
1413393313005760512
1413393313055760384
1413393313105760512
1413393313205760512
1413393313255760384
1413393313405760512
1413393313455760384
1413393313505760512
1413393313555760384
1413393313605760512
1413393313705760512
1413393313755760384
1413393313905760512
1413393313955760384
1413393314005760512
1413393314055760384
1413393314105760512
1413393314205760512
1413393314255760384
1413393314405760512
1413393314455760384
1413393314505760512
1413393314555760384
1413393314605760512
1413393314705760512
1413393314755760384
1413393314905760512
1413393314955760384
1413393315005760512
1413393315055760384
1413393315105760512
1413393315205760512
1413393315255760384
1413393315405760512
1413393315455760384
1413393315505760512
1413393315555760384
1413393315605760512
1413393315705760512
1413393315755760384
1413393315905760512
1413393315955760384
1413393316005760512
1413393316055760384
1413393316105760512
1413393316205760512
1413393316255760384
1413393316405760512
1413393316455760384
1413393316505760512
1413393316555760384
1413393316605760512
1413393316705760512
1413393316755760384
1413393316905760512
1413393316955760384
1413393317005760512
1413393317055760384
1413393317105760512
1413393317205760512
1413393317255760384
1413393317405760512
1413393317455760384
1413393317505760512
1413393317555760384
1413393317605760512
1413393317705760512
1413393317755760384
1413393317905760512
1413393317955760384
1413393318005760512
1413393318055760384
1413393318105760512
1413393318205760512
1413393318255760384
1413393318405760512
1413393318455760384
1413393318505760512
1413393318555760384
1413393318605760512
1413393318705760512
1413393318755760384
1413393318905760512
1413393318955760384
1413393319005760512
1413393319055760384
1413393319105760512
1413393319205760512
1413393319255760384
1413393319405760512
1413393319455760384
1413393319505760512
1413393319555760384
1413393319605760512
1413393319705760512
1413393319755760384
1413393319905760512
1413393319955760384
1413393320005760512
1413393320055760384
1413393320105760512
1413393320205760512
1413393320255760384
1413393320405760512
1413393320455760384
1413393320505760512
1413393320555760384
1413393320605760512
1413393320705760512
1413393320755760384
1413393320905760512
1413393320955760384
1413393321005760512
1413393321055760384
1413393321105760512
1413393321205760512
1413393321255760384
1413393321405760512
1413393321455760384
1413393321505760512
1413393321555760384
1413393321605760512
1413393321705760512
1413393321755760384
1413393321905760512
1413393321955760384
1413393322005760512
1413393322055760384
1413393322105760512
1413393322205760512
1413393322255760384
1413393322405760512
1413393322455760384
1413393322505760512
1413393322555760384
1413393322605760512
1413393322705760512
1413393322755760384
1413393322905760512
1413393322955760384
1413393323005760512
1413393323055760384
1413393323105760512
1413393323205760512
1413393323255760384
1413393323405760512
1413393323455760384
1413393323505760512
1413393323555760384
1413393323605760512
1413393323705760512
1413393323755760384
1413393323905760512
1413393323955760384
1413393324005760512
1413393324055760384
1413393324105760512
1413393324205760512
1413393324255760384
1413393324405760512
1413393324455760384
1413393324505760512
1413393324555760384
1413393324605760512
1413393324705760512
1413393324755760384
1413393324905760512
1413393324955760384
1413393325005760512
1413393325055760384
1413393325105760512
1413393325205760512
1413393325255760384
1413393325405760512
1413393325455760384
