1403638519527829504
1403638519627829504
1403638519727829504
1403638519777829376
1403638519827829504
1403638519927829504
1403638519977829376
1403638520027829504
1403638520127829504
1403638520227829504
1403638520277829376
1403638520327829504
1403638520427829504
1403638520477829376
1403638520527829504
1403638520627829504
1403638520727829504
1403638520777829376
1403638520827829504
1403638520927829504
1403638520977829376
1403638521027829504
1403638521127829504
1403638521227829504
1403638521277829376
1403638521327829504
1403638521427829504
1403638521477829376
1403638521527829504
1403638521627829504
1403638521727829504
1403638521777829376
1403638521827829504
1403638521927829504
1403638521977829376
1403638522027829504
1403638522127829504
1403638522227829504
1403638522277829376
1403638522327829504
1403638522427829504
1403638522477829376
1403638522527829504
1403638522627829504
1403638522727829504
1403638522777829376
1403638522827829504
1403638522927829504
1403638522977829376
1403638523027829504
1403638523127829504
1403638523227829504
1403638523277829376
1403638523327829504
1403638523427829504
1403638523477829376
1403638523527829504
1403638523627829504
1403638523727829504
1403638523777829376
1403638523827829504
1403638523927829504
1403638523977829376
1403638524027829504
1403638524127829504
1403638524227829504
1403638524277829376
1403638524327829504
1403638524427829504
1403638524477829376
1403638524527829504
1403638524627829504
1403638524727829504
1403638524777829376
1403638524827829504
1403638524927829504
1403638524977829376
1403638525027829504
1403638525127829504
1403638525227829504
1403638525277829376
1403638525327829504
1403638525427829504
1403638525477829376
1403638525527829504
1403638525627829504
1403638525727829504
1403638525777829376
1403638525827829504
1403638525927829504
1403638525977829376
1403638526027829504
1403638526127829504
1403638526227829504
1403638526277829376
1403638526327829504
1403638526427829504
1403638526477829376
1403638526527829504
1403638526627829504
1403638526727829504
1403638526777829376
1403638526827829504
1403638526927829504
1403638526977829376
1403638527027829504
1403638527127829504
1403638527227829504
1403638527277829376
1403638527327829504
1403638527427829504
1403638527477829376
1403638527527829504
1403638527627829504
1403638527727829504
1403638527777829376
1403638527827829504
1403638527927829504
1403638527977829376
1403638528027829504
1403638528127829504
1403638528227829504
1403638528277829376
1403638528327829504
1403638528427829504
1403638528477829376
1403638528527829504
1403638528627829504
1403638528727829504
1403638528777829376
1403638528827829504
1403638528927829504
1403638528977829376
1403638529027829504
1403638529127829504
1403638529227829504
1403638529277829376
1403638529327829504
1403638529427829504
1403638529477829376
1403638529527829504
1403638529627829504
1403638529727829504
1403638529777829376
1403638529827829504
1403638529927829504
1403638529977829376
1403638530027829504
1403638530127829504
1403638530227829504
1403638530277829376
1403638530327829504
1403638530427829504
1403638530477829376
1403638530527829504
1403638530627829504
1403638530727829504
1403638530777829376
1403638530827829504
1403638530927829504
1403638530977829376
1403638531027829504
1403638531127829504
1403638531227829504
1403638531277829376
1403638531327829504
1403638531427829504
1403638531477829376
1403638531527829504
1403638531627829504
1403638531727829504
1403638531777829376
1403638531827829504
1403638531927829504
1403638531977829376
1403638532027829504
1403638532127829504
1403638532227829504
1403638532277829376
1403638532327829504
1403638532427829504
1403638532477829376
1403638532527829504
1403638532627829504
1403638532727829504
1403638532777829376
1403638532827829504
1403638532927829504
1403638532977829376
1403638533027829504
1403638533127829504
1403638533227829504
1403638533277829376
1403638533327829504
1403638533427829504
1403638533477829376
1403638533527829504
1403638533627829504
1403638533727829504
1403638533777829376
1403638533827829504
1403638533927829504
1403638533977829376
1403638534027829504
1403638534127829504
1403638534227829504
1403638534277829376
1403638534327829504
1403638534427829504
1403638534477829376
1403638534527829504
1403638534627829504
1403638534727829504
1403638534777829376
1403638534827829504
1403638534927829504
1403638534977829376
1403638535027829504
1403638535127829504
1403638535227829504
1403638535277829376
1403638535327829504
1403638535427829504
1403638535477829376
1403638535527829504
1403638535627829504
1403638535727829504
1403638535777829376
1403638535827829504
1403638535927829504
1403638535977829376
1403638536027829504
1403638536127829504
1403638536227829504
1403638536277829376
1403638536327829504
1403638536427829504
1403638536477829376
1403638536527829504
1403638536627829504
1403638536727829504
1403638536777829376
1403638536827829504
1403638536927829504
1403638536977829376
1403638537027829504
1403638537127829504
1403638537227829504
1403638537277829376
1403638537327829504
1403638537427829504
1403638537477829376
1403638537527829504
1403638537627829504
1403638537727829504
1403638537777829376
1403638537827829504
1403638537927829504
1403638537977829376
1403638538027829504
1403638538127829504
1403638538227829504
1403638538277829376
1403638538327829504
1403638538427829504
1403638538477829376
1403638538527829504
1403638538627829504
1403638538727829504
1403638538777829376
1403638538827829504
1403638538927829504
1403638538977829376
1403638539027829504
1403638539127829504
1403638539227829504
1403638539277829376
1403638539327829504
1403638539427829504
1403638539477829376
1403638539527829504
1403638539627829504
1403638539727829504
1403638539777829376
1403638539827829504
1403638539927829504
1403638539977829376
1403638540027829504
1403638540127829504
1403638540227829504
1403638540277829376
1403638540327829504
1403638540427829504
1403638540477829376
1403638540527829504
1403638540627829504
1403638540727829504
1403638540777829376
1403638540827829504
1403638540927829504
1403638540977829376
1403638541027829504
1403638541127829504
1403638541227829504
1403638541277829376
1403638541327829504
1403638541427829504
1403638541477829376
1403638541527829504
1403638541627829504
1403638541727829504
1403638541777829376
1403638541827829504
1403638541927829504
1403638541977829376
1403638542027829504
1403638542127829504
1403638542227829504
1403638542277829376
1403638542327829504
1403638542427829504
1403638542477829376
1403638542527829504
1403638542627829504
1403638542727829504
1403638542777829376
1403638542827829504
1403638542927829504
1403638542977829376
1403638543027829504
1403638543127829504
1403638543227829504
1403638543277829376
1403638543327829504
1403638543427829504
1403638543477829376
1403638543527829504
1403638543627829504
1403638543727829504
1403638543777829376
1403638543827829504
1403638543927829504
1403638543977829376
1403638544027829504
1403638544127829504
1403638544227829504
1403638544277829376
1403638544327829504
1403638544427829504
1403638544477829376
1403638544527829504
1403638544627829504
1403638544727829504
1403638544777829376
1403638544827829504
1403638544927829504
1403638544977829376
1403638545027829504
1403638545127829504
1403638545227829504
1403638545277829376
1403638545327829504
1403638545427829504
1403638545477829376
1403638545527829504
1403638545627829504
1403638545727829504
1403638545777829376
1403638545827829504
1403638545927829504
1403638545977829376
1403638546027829504
1403638546127829504
1403638546227829504
1403638546277829376
1403638546327829504
1403638546427829504
1403638546477829376
1403638546527829504
1403638546627829504
1403638546727829504
1403638546777829376
1403638546827829504
1403638546927829504
1403638546977829376
1403638547027829504
1403638547127829504
1403638547227829504
1403638547277829376
1403638547327829504
1403638547427829504
1403638547477829376
1403638547527829504
1403638547627829504
1403638547727829504
1403638547777829376
1403638547827829504
1403638547927829504
1403638547977829376
1403638548027829504
1403638548127829504
1403638548227829504
1403638548277829376
1403638548327829504
1403638548427829504
1403638548477829376
1403638548527829504
1403638548627829504
1403638548727829504
1403638548777829376
1403638548827829504
1403638548927829504
1403638548977829376
1403638549027829504
1403638549127829504
1403638549227829504
1403638549277829376
1403638549327829504
1403638549427829504
1403638549477829376
1403638549527829504
1403638549627829504
1403638549727829504
1403638549777829376
1403638549827829504
1403638549927829504
1403638549977829376
1403638550027829504
1403638550127829504
1403638550227829504
1403638550277829376
1403638550327829504
1403638550427829504
1403638550477829376
1403638550527829504
1403638550627829504
1403638550727829504
1403638550777829376
1403638550827829504
1403638550927829504
1403638550977829376
1403638551027829504
1403638551127829504
1403638551227829504
1403638551277829376
1403638551327829504
1403638551427829504
1403638551477829376
1403638551527829504
1403638551627829504
1403638551727829504
1403638551777829376
1403638551827829504
1403638551927829504
1403638551977829376
1403638552027829504
1403638552127829504
1403638552227829504
1403638552277829376
1403638552327829504
1403638552427829504
1403638552477829376
1403638552527829504
1403638552627829504
1403638552727829504
1403638552777829376
1403638552827829504
1403638552927829504
1403638552977829376
1403638553027829504
1403638553127829504
1403638553227829504
1403638553277829376
1403638553327829504
1403638553427829504
1403638553477829376
1403638553527829504
1403638553627829504
1403638553727829504
1403638553777829376
1403638553827829504
1403638553927829504
1403638553977829376
1403638554027829504
1403638554127829504
1403638554227829504
1403638554277829376
1403638554327829504
1403638554427829504
1403638554477829376
1403638554527829504
1403638554627829504
1403638554727829504
1403638554777829376
1403638554827829504
1403638554927829504
1403638554977829376
1403638555027829504
1403638555127829504
1403638555227829504
1403638555277829376
1403638555327829504
1403638555427829504
1403638555477829376
1403638555527829504
1403638555627829504
1403638555727829504
1403638555777829376
1403638555827829504
1403638555927829504
1403638555977829376
1403638556027829504
1403638556127829504
1403638556227829504
1403638556277829376
1403638556327829504
1403638556427829504
1403638556477829376
1403638556527829504
1403638556627829504
1403638556727829504
1403638556777829376
1403638556827829504
1403638556927829504
1403638556977829376
1403638557027829504
1403638557127829504
1403638557227829504
1403638557277829376
1403638557327829504
1403638557427829504
1403638557477829376
1403638557527829504
1403638557627829504
1403638557727829504
1403638557777829376
1403638557827829504
1403638557927829504
1403638557977829376
1403638558027829504
1403638558127829504
1403638558227829504
1403638558277829376
1403638558327829504
1403638558427829504
1403638558477829376
1403638558527829504
1403638558627829504
1403638558727829504
1403638558777829376
1403638558827829504
1403638558927829504
1403638558977829376
1403638559027829504
1403638559127829504
1403638559227829504
1403638559277829376
1403638559327829504
1403638559427829504
1403638559477829376
1403638559527829504
1403638559627829504
1403638559727829504
1403638559777829376
1403638559827829504
1403638559927829504
1403638559977829376
1403638560027829504
1403638560127829504
1403638560227829504
1403638560277829376
1403638560327829504
1403638560427829504
1403638560477829376
1403638560527829504
1403638560627829504
1403638560727829504
1403638560777829376
1403638560827829504
1403638560927829504
1403638560977829376
1403638561027829504
1403638561127829504
1403638561227829504
1403638561277829376
1403638561327829504
1403638561427829504
1403638561477829376
1403638561527829504
1403638561627829504
1403638561727829504
1403638561777829376
1403638561827829504
1403638561927829504
1403638561977829376
1403638562027829504
1403638562127829504
1403638562227829504
1403638562277829376
1403638562327829504
1403638562427829504
1403638562477829376
1403638562527829504
1403638562627829504
1403638562727829504
1403638562777829376
1403638562827829504
1403638562927829504
1403638562977829376
1403638563027829504
1403638563127829504
1403638563227829504
1403638563277829376
1403638563327829504
1403638563427829504
1403638563477829376
1403638563527829504
1403638563627829504
1403638563727829504
1403638563777829376
1403638563827829504
1403638563927829504
1403638563977829376
1403638564027829504
1403638564127829504
1403638564227829504
1403638564277829376
1403638564327829504
1403638564427829504
1403638564477829376
1403638564527829504
1403638564627829504
1403638564727829504
1403638564777829376
1403638564827829504
1403638564927829504
1403638564977829376
1403638565027829504
1403638565127829504
1403638565227829504
1403638565277829376
1403638565327829504
1403638565427829504
1403638565477829376
1403638565527829504
1403638565627829504
1403638565727829504
1403638565777829376
1403638565827829504
1403638565927829504
1403638565977829376
1403638566027829504
1403638566127829504
1403638566227829504
1403638566277829376
1403638566327829504
1403638566427829504
1403638566477829376
1403638566527829504
1403638566627829504
1403638566727829504
1403638566777829376
1403638566827829504
1403638566927829504
1403638566977829376
1403638567027829504
1403638567127829504
1403638567227829504
1403638567277829376
1403638567327829504
1403638567427829504
1403638567477829376
1403638567527829504
1403638567627829504
1403638567727829504
1403638567777829376
1403638567827829504
1403638567927829504
1403638567977829376
1403638568027829504
1403638568127829504
1403638568227829504
1403638568277829376
1403638568327829504
1403638568427829504
1403638568477829376
1403638568527829504
1403638568627829504
1403638568727829504
1403638568777829376
1403638568827829504
1403638568927829504
1403638568977829376
1403638569027829504
1403638569127829504
1403638569227829504
1403638569277829376
1403638569327829504
1403638569427829504
1403638569477829376
1403638569527829504
1403638569627829504
1403638569727829504
1403638569777829376
1403638569827829504
1403638569927829504
1403638569977829376
1403638570027829504
1403638570127829504
1403638570227829504
1403638570277829376
1403638570327829504
1403638570427829504
1403638570477829376
1403638570527829504
1403638570627829504
1403638570727829504
1403638570777829376
1403638570827829504
1403638570927829504
1403638570977829376
1403638571027829504
1403638571127829504
1403638571227829504
1403638571277829376
1403638571327829504
1403638571427829504
1403638571477829376
1403638571527829504
1403638571627829504
1403638571727829504
1403638571777829376
1403638571827829504
1403638571927829504
1403638571977829376
1403638572027829504
1403638572127829504
1403638572227829504
1403638572277829376
1403638572327829504
1403638572427829504
1403638572477829376
1403638572527829504
1403638572627829504
1403638572727829504
1403638572777829376
1403638572827829504
1403638572927829504
1403638572977829376
1403638573027829504
1403638573127829504
1403638573227829504
1403638573277829376
1403638573327829504
1403638573427829504
1403638573477829376
1403638573527829504
1403638573627829504
1403638573727829504
1403638573777829376
1403638573827829504
1403638573927829504
1403638573977829376
1403638574027829504
1403638574127829504
1403638574227829504
1403638574277829376
1403638574327829504
1403638574427829504
1403638574477829376
1403638574527829504
1403638574627829504
1403638574727829504
1403638574777829376
1403638574827829504
1403638574927829504
1403638574977829376
1403638575027829504
1403638575127829504
1403638575227829504
1403638575277829376
1403638575327829504
1403638575427829504
1403638575477829376
1403638575527829504
1403638575627829504
1403638575727829504
1403638575777829376
1403638575827829504
1403638575927829504
1403638575977829376
1403638576027829504
1403638576127829504
1403638576227829504
1403638576277829376
1403638576327829504
1403638576427829504
1403638576477829376
1403638576527829504
1403638576627829504
1403638576727829504
1403638576777829376
1403638576827829504
1403638576927829504
1403638576977829376
1403638577027829504
1403638577127829504
1403638577227829504
1403638577277829376
1403638577327829504
1403638577427829504
1403638577477829376
1403638577527829504
1403638577627829504
1403638577727829504
1403638577777829376
1403638577827829504
1403638577927829504
1403638577977829376
1403638578027829504
1403638578127829504
1403638578227829504
1403638578277829376
1403638578327829504
1403638578427829504
1403638578477829376
1403638578527829504
1403638578627829504
1403638578727829504
1403638578777829376
1403638578827829504
1403638578927829504
1403638578977829376
1403638579027829504
1403638579127829504
1403638579227829504
1403638579277829376
1403638579327829504
1403638579427829504
1403638579477829376
1403638579527829504
1403638579627829504
1403638579727829504
1403638579777829376
1403638579827829504
1403638579927829504
1403638579977829376
1403638580027829504
1403638580127829504
1403638580227829504
1403638580277829376
1403638580327829504
1403638580427829504
1403638580477829376
1403638580527829504
1403638580627829504
1403638580727829504
1403638580777829376
1403638580827829504
1403638580927829504
1403638580977829376
1403638581027829504
1403638581127829504
1403638581227829504
1403638581277829376
1403638581327829504
1403638581427829504
1403638581477829376
1403638581527829504
1403638581627829504
1403638581727829504
1403638581777829376
1403638581827829504
1403638581927829504
1403638581977829376
1403638582027829504
1403638582127829504
1403638582227829504
1403638582277829376
1403638582327829504
1403638582427829504
1403638582477829376
1403638582527829504
1403638582627829504
1403638582727829504
1403638582777829376
1403638582827829504
1403638582927829504
1403638582977829376
1403638583027829504
1403638583127829504
1403638583227829504
1403638583277829376
1403638583327829504
1403638583427829504
1403638583477829376
1403638583527829504
1403638583627829504
1403638583727829504
1403638583777829376
1403638583827829504
1403638583927829504
1403638583977829376
1403638584027829504
1403638584127829504
1403638584227829504
1403638584277829376
1403638584327829504
1403638584427829504
1403638584477829376
1403638584527829504
1403638584627829504
1403638584727829504
1403638584777829376
1403638584827829504
1403638584927829504
1403638584977829376
1403638585027829504
1403638585127829504
1403638585227829504
1403638585277829376
1403638585327829504
1403638585427829504
1403638585477829376
1403638585527829504
1403638585627829504
1403638585727829504
1403638585777829376
1403638585827829504
1403638585927829504
1403638585977829376
1403638586027829504
1403638586127829504
1403638586227829504
1403638586277829376
1403638586327829504
1403638586427829504
1403638586477829376
1403638586527829504
1403638586627829504
1403638586727829504
1403638586777829376
1403638586827829504
1403638586927829504
1403638586977829376
1403638587027829504
1403638587127829504
1403638587227829504
1403638587277829376
1403638587327829504
1403638587427829504
1403638587477829376
1403638587527829504
1403638587627829504
1403638587727829504
1403638587777829376
1403638587827829504
1403638587927829504
1403638587977829376
1403638588027829504
1403638588127829504
1403638588227829504
1403638588277829376
1403638588327829504
1403638588427829504
1403638588477829376
1403638588527829504
1403638588627829504
1403638588727829504
1403638588777829376
1403638588827829504
1403638588927829504
1403638588977829376
1403638589027829504
1403638589127829504
1403638589227829504
1403638589277829376
1403638589327829504
1403638589427829504
1403638589477829376
1403638589527829504
1403638589627829504
1403638589727829504
1403638589777829376
1403638589827829504
1403638589927829504
1403638589977829376
1403638590027829504
1403638590127829504
1403638590227829504
1403638590277829376
1403638590327829504
1403638590427829504
1403638590477829376
1403638590527829504
1403638590627829504
1403638590727829504
1403638590777829376
1403638590827829504
1403638590927829504
1403638590977829376
1403638591027829504
1403638591127829504
1403638591227829504
1403638591277829376
1403638591327829504
1403638591427829504
1403638591477829376
1403638591527829504
1403638591627829504
1403638591727829504
1403638591777829376
1403638591827829504
1403638591927829504
1403638591977829376
1403638592027829504
1403638592127829504
1403638592227829504
1403638592277829376
1403638592327829504
1403638592427829504
1403638592477829376
1403638592527829504
1403638592627829504
1403638592727829504
1403638592777829376
1403638592827829504
1403638592927829504
1403638592977829376
1403638593027829504
1403638593127829504
1403638593227829504
1403638593277829376
1403638593327829504
1403638593427829504
1403638593477829376
1403638593527829504
1403638593627829504
1403638593727829504
1403638593777829376
1403638593827829504
1403638593927829504
1403638593977829376
1403638594027829504
1403638594127829504
1403638594227829504
1403638594277829376
1403638594327829504
1403638594427829504
1403638594477829376
1403638594527829504
1403638594627829504
1403638594727829504
1403638594777829376
1403638594827829504
1403638594927829504
1403638594977829376
1403638595027829504
1403638595127829504
1403638595227829504
1403638595277829376
1403638595327829504
1403638595427829504
1403638595477829376
1403638595527829504
1403638595627829504
1403638595727829504
1403638595777829376
1403638595827829504
1403638595927829504
1403638595977829376
1403638596027829504
1403638596127829504
1403638596227829504
1403638596277829376
1403638596327829504
1403638596427829504
1403638596477829376
1403638596527829504
1403638596627829504
1403638596727829504
1403638596777829376
1403638596827829504
1403638596927829504
1403638596977829376
1403638597027829504
1403638597127829504
1403638597227829504
1403638597277829376
1403638597327829504
1403638597427829504
1403638597477829376
1403638597527829504
1403638597627829504
1403638597727829504
1403638597777829376
1403638597827829504
1403638597927829504
1403638597977829376
1403638598027829504
1403638598127829504
1403638598227829504
1403638598277829376
1403638598327829504
1403638598427829504
1403638598477829376
1403638598527829504
1403638598627829504
1403638598727829504
1403638598777829376
1403638598827829504
1403638598927829504
1403638598977829376
1403638599027829504
1403638599127829504
1403638599227829504
1403638599277829376
1403638599327829504
1403638599427829504
1403638599477829376
1403638599527829504
1403638599627829504
1403638599727829504
1403638599777829376
1403638599827829504
1403638599927829504
1403638599977829376
1403638600027829504
1403638600127829504
1403638600227829504
1403638600277829376
1403638600327829504
1403638600427829504
1403638600477829376
1403638600527829504
1403638600627829504
1403638600727829504
1403638600777829376
1403638600827829504
1403638600927829504
1403638600977829376
1403638601027829504
1403638601127829504
1403638601227829504
1403638601277829376
1403638601327829504
1403638601427829504
1403638601477829376
1403638601527829504
1403638601627829504
1403638601727829504
1403638601777829376
1403638601827829504
1403638601927829504
1403638601977829376
1403638602027829504
1403638602127829504
1403638602227829504
1403638602277829376
1403638602327829504
1403638602427829504
1403638602477829376
1403638602527829504
1403638602627829504
1403638602727829504
1403638602777829376
1403638602827829504
1403638602927829504
1403638602977829376
1403638603027829504
1403638603127829504
1403638603227829504
1403638603277829376
1403638603327829504
1403638603427829504
1403638603477829376
1403638603527829504
1403638603627829504
1403638603727829504
1403638603777829376
1403638603827829504
1403638603927829504
1403638603977829376
1403638604027829504
1403638604127829504
1403638604227829504
1403638604277829376
1403638604327829504
1403638604427829504
1403638604477829376
1403638604527829504
1403638604627829504
1403638604727829504
1403638604777829376
1403638604827829504
1403638604927829504
1403638604977829376
1403638605027829504
1403638605127829504
1403638605227829504
1403638605277829376
1403638605327829504
1403638605427829504
1403638605477829376
1403638605527829504
1403638605627829504
1403638605727829504
1403638605777829376
1403638605827829504
1403638605927829504
1403638605977829376
1403638606027829504
1403638606127829504
1403638606227829504
1403638606277829376
1403638606327829504
1403638606427829504
1403638606477829376
1403638606527829504
1403638606627829504
1403638606727829504
1403638606777829376
1403638606827829504
1403638606927829504
1403638606977829376
1403638607027829504
1403638607127829504
1403638607227829504
1403638607277829376
1403638607327829504
1403638607427829504
1403638607477829376
1403638607527829504
1403638607627829504
1403638607727829504
1403638607777829376
1403638607827829504
1403638607927829504
1403638607977829376
1403638608027829504
1403638608127829504
1403638608227829504
1403638608277829376
1403638608327829504
1403638608427829504
1403638608477829376
1403638608527829504
1403638608627829504
1403638608727829504
1403638608777829376
1403638608827829504
1403638608927829504
1403638608977829376
1403638609027829504
1403638609127829504
1403638609227829504
1403638609277829376
1403638609327829504
1403638609427829504
1403638609477829376
1403638609527829504
1403638609627829504
1403638609727829504
1403638609777829376
1403638609827829504
1403638609927829504
1403638609977829376
1403638610027829504
1403638610127829504
1403638610227829504
1403638610277829376
1403638610327829504
1403638610427829504
1403638610477829376
1403638610527829504
1403638610627829504
1403638610727829504
1403638610777829376
1403638610827829504
1403638610927829504
1403638610977829376
1403638611027829504
1403638611127829504
1403638611227829504
1403638611277829376
1403638611327829504
1403638611427829504
1403638611477829376
1403638611527829504
1403638611627829504
1403638611727829504
1403638611777829376
1403638611827829504
1403638611927829504
1403638611977829376
1403638612027829504
1403638612127829504
1403638612227829504
1403638612277829376
1403638612327829504
1403638612427829504
1403638612477829376
1403638612527829504
1403638612627829504
1403638612727829504
1403638612777829376
1403638612827829504
1403638612927829504
1403638612977829376
1403638613027829504
1403638613127829504
1403638613227829504
1403638613277829376
1403638613327829504
1403638613427829504
1403638613477829376
1403638613527829504
1403638613627829504
1403638613727829504
1403638613777829376
1403638613827829504
1403638613927829504
1403638613977829376
1403638614027829504
1403638614127829504
1403638614227829504
1403638614277829376
1403638614327829504
1403638614427829504
1403638614477829376
1403638614527829504
1403638614627829504
1403638614727829504
1403638614777829376
1403638614827829504
1403638614927829504
1403638614977829376
1403638615027829504
1403638615127829504
1403638615227829504
1403638615277829376
1403638615327829504
1403638615427829504
1403638615477829376
1403638615527829504
1403638615627829504
1403638615727829504
1403638615777829376
1403638615827829504
1403638615927829504
1403638615977829376
1403638616027829504
1403638616127829504
1403638616227829504
1403638616277829376
1403638616327829504
1403638616427829504
1403638616477829376
1403638616527829504
1403638616627829504
1403638616727829504
1403638616777829376
1403638616827829504
1403638616927829504
1403638616977829376
1403638617027829504
1403638617127829504
1403638617227829504
1403638617277829376
1403638617327829504
1403638617427829504
1403638617477829376
1403638617527829504
1403638617627829504
1403638617727829504
1403638617777829376
1403638617827829504
1403638617927829504
1403638617977829376
1403638618027829504
1403638618127829504
1403638618227829504
1403638618277829376
1403638618327829504
1403638618427829504
1403638618477829376
1403638618527829504
1403638618627829504
1403638618727829504
1403638618777829376
1403638618827829504
1403638618927829504
1403638618977829376
1403638619027829504
1403638619127829504
1403638619227829504
1403638619277829376
1403638619327829504
1403638619427829504
1403638619477829376
1403638619527829504
1403638619627829504
1403638619727829504
1403638619777829376
1403638619827829504
1403638619927829504
1403638619977829376
1403638620027829504
1403638620127829504
1403638620227829504
1403638620277829376
1403638620327829504
1403638620427829504
1403638620477829376
1403638620527829504
1403638620627829504
1403638620727829504
1403638620777829376
1403638620827829504
1403638620927829504
1403638620977829376
1403638621027829504
1403638621127829504
1403638621227829504
1403638621277829376
1403638621327829504
1403638621427829504
1403638621477829376
1403638621527829504
1403638621627829504
1403638621727829504
1403638621777829376
1403638621827829504
1403638621927829504
1403638621977829376
1403638622027829504
1403638622127829504
1403638622227829504
1403638622277829376
1403638622327829504
1403638622427829504
1403638622477829376
1403638622527829504
1403638622627829504
1403638622727829504
1403638622777829376
1403638622827829504
1403638622927829504
1403638622977829376
1403638623027829504
1403638623127829504
1403638623227829504
1403638623277829376
1403638623327829504
1403638623427829504
1403638623477829376
1403638623527829504
1403638623627829504
1403638623727829504
1403638623777829376
1403638623827829504
1403638623927829504
1403638623977829376
1403638624027829504
1403638624127829504
1403638624227829504
1403638624277829376
1403638624327829504
1403638624427829504
1403638624477829376
1403638624527829504
1403638624627829504
1403638624727829504
1403638624777829376
1403638624827829504
1403638624927829504
1403638624977829376
1403638625027829504
1403638625127829504
1403638625227829504
1403638625277829376
1403638625327829504
1403638625427829504
1403638625477829376
1403638625527829504
1403638625627829504
1403638625727829504
1403638625777829376
1403638625827829504
1403638625927829504
1403638625977829376
1403638626027829504
1403638626127829504
1403638626227829504
1403638626277829376
1403638626327829504
1403638626427829504
1403638626477829376
1403638626527829504
1403638626627829504
1403638626727829504
1403638626777829376
1403638626827829504
1403638626927829504
1403638626977829376
1403638627027829504
1403638627127829504
1403638627227829504
1403638627277829376
1403638627327829504
1403638627427829504
1403638627477829376
1403638627527829504
1403638627627829504
1403638627727829504
1403638627777829376
1403638627827829504
1403638627927829504
1403638627977829376
1403638628027829504
1403638628127829504
1403638628227829504
1403638628277829376
1403638628327829504
1403638628427829504
1403638628477829376
1403638628527829504
1403638628627829504
1403638628727829504
1403638628777829376
1403638628827829504
1403638628927829504
1403638628977829376
1403638629027829504
1403638629127829504
1403638629227829504
1403638629277829376
1403638629327829504
1403638629427829504
1403638629477829376
1403638629527829504
1403638629627829504
1403638629727829504
1403638629777829376
1403638629827829504
1403638629927829504
1403638629977829376
1403638630027829504
1403638630127829504
1403638630227829504
1403638630277829376
1403638630327829504
1403638630427829504
1403638630477829376
1403638630527829504
